$ANSIBLE_VAULT;1.1;AES256
62396462366635653039653439373038336631306662613638306566353563373432306632363835
6162383535633662383333336435383365386639383963370a653263643434666162303864306638
64386333393130633234623266636363303930303534636130343139383837383863633738646237
6134323966333837640a663434313565613431343163373663633239623539626532383366316666
63396334623731356238363565323437663835616232376138663239353037313563626562353164
38633435626462373832656664363261656633663465343431313732313937346336376530353032
39366161353763663631613633356232613334396464383864326533393965666462306434656564
62636635373961343761646662656466363365616365623036376434653738313666656238373333
33376266613562346632646434393934646562386131323833373364376533363239636231306365
34386439666236633531313663616265383832636639366536616464396433316466623832653533
39346534356362663861383830323238373662363063386235656135373539353762343035626333
62343035316433343664666636646566636434313865626338393031616537333435623435346262
63346239363032626337326461373733633339326261333962653132363234666364616366343037
36386539313264616564316564626335613035303634346439373032663735336464333134313461
64613432353430303561333262323334356139313139623032666234643164623631666234383262
35626239636464346665356563346137396563656164663432363031313835303761653963646635
30636662613233653532333436376132356133333034373934623761303337653137623534643363
35323663396333626539386133623964613130373236393561643137343431393561646330363666
35333035663666366431303062306261646337383233346333616539636433616533373931643633
65393565353062306235613463363662336462613533616666363864333237653766346534653865
30623062363633646136343138623266636463393939343461306261643439343463386666346138
33653366663764343636616432663666643530363939343332306332623636386432656464316365
62333838303463373439336366346362363136616534636666663366666361326438323839383765
31333062663933613333383238306633663738633330396233626339373033366565613361366636
66386233306235373362343434366135303033336166663935393633353232316436373935643232
31393136383237616132646437633638643665303732643031656566363061663735663162653133
36346632623361333266353764616565316337656462386635373631336462393636306266363965
61316538346134386532626664316536313862653536376437623265333338346364633238393034
65626438613632623734366164653663663536383264363633353932323562663738616130353162
64343666373732386664653962626531303933653336623239633365616139313363623266626333
64656364646436326238373063313265323231343065643364663037653833633534393561313535
37343338613166333834616534353535343339383334366631666233376332363230623433363736
65336364353538656437303738393338313764663232393035396632643834393666633234393037
34393564343836343631383665646536636334373863366337316562646366626435333133316337
39366665393761636662333263363662616465303039393864366364663939376162626663633061
61626539343164663832643936363862373361373262623832363535613066333033373130336431
37663530353632333664366532636534363662656662313832353161353461363030363530366265
33646239633838643331633361363034373434323030353733346363353562333663323362623831
37363931646165326666306466616230363833396662613338613465393963326463346461336662
38323462323730323537383832346437333132666335356632643036613034646230366635373137
30306664326432383330323930383036326163613762303338646330356235316438336437623132
66393231663536626537316330323162653363663831333731396465636331626233363663633063
66353761633362663434393030336365393763353861623738663133356235323266623862346537
30613966643466633839633932313039313366346134633961306565353061366266613163353963
33623636613165326464313234306136386235386465633836353935666566303833626664313936
64363432643365363639363330353939383165663735626262356463383033626263343865623561
36356634303936643462303563633230376330663161346131346538393563663431313765343962
65636666643730393863303361376261626438633062373661656661616364613833633537323237
62643562303430353162656462643064386136353935363932336536623562663636376234343139
38393932346566616132316131376230336439333934616132633062303137336436616336323664
65643839613339373464636136323561313637366135316134633931663864663766336239316334
36633662323364643136336365656634323234356238663237396332366530323137623065356162
65323331623335316564363463666438366638393834303962323931636465653666316633383339
34633830313062646237353861646131383632343362393734363739303366353535616537396566
39303738376332356365656634386266643161303164306433303462666261313331333737613830
37373365633864636663363331353262323634323863313332656639626663343736346162623232
66393866383933336363306337663230353163613864336232333336303539313138386261633333
31663335383265343835656565376235656631633837666235323364313337306162356132396663
62393361353735303730623263663263363231313132366537373332646130316336323361636230
36323666646338373833643565306333363439386666356537666436353663613133663866343635
39343332326462323132666362616566356165373262323562626466636363623535363930663732
65303663646130633436363261326665633732346633633336613636323636633966393166363461
38343964323933386630623036316337633537663138303261643133643932343337316465613537
35303333396366633337323738663165323835616136346431313039653434313939666331613666
64323261326233373837373039373939316265376337663036363037363166353236323964393666
38343164343330353361626466373231383334633038303165646432613730383031306161343434
64643138613133333962383036393465303134366262393931323339383539396534386363356632
34643866396537613737386661393134663837366632646663343361306439373836653762386561
39353731666534656563363433313263363830643262373537323032613431393032383761633731
31626530316666656166366366643538623830393039353836313364656166663931373235653163
30383236346563366330666364316335336235303665313337336535653536323862626235336133
33393737393231346436353531373339323465363262343730376461623939623634666535323536
64373734316166356235656436666334303262396230383237633336343961313932613361373664
65343730343833616333356630333161363533366635613030653262613432636233646536653032
34343332323364393933666430336233313364616563333263303232626265303932346338656237
66626137386237303230613366666536303837373265396265623132306165363332303837363261
64633838663833633539616563366262663530336538353665653733346563376535303433363865
36326465613263346461666664653661643661343132396365343838333234626439303635363631
64383366663139623966326633323465616331306565653531643431303138626435303031646365
36633231396664356531333936636666663562353362626633646665363962386263336133343537
36383330316431656465363737366534353638333636383136356337663732333432356237613464
33376136323763346431363832663535653337343436333433363036623637316666313637336437
64633735316239393032623264666336656561653863636530663135306631343161623036333061
36343337336364313732343561623339313938646430666134653266343833613530333631343834
32323336363738643533343261363839396563616661326666653038666532323062653463623637
38333936363631653235643434383031633335633837623766353364376662323664316133613931
65646632386164663031363031363764613336346137363933346663653836393739393363393037
36626232333362303035
